# Blender v3.0.1 OBJ File: 'fire.blend'
# www.blender.org
o Cube
v 0.587811 -0.081370 1.112046
v -0.997329 0.653654 -0.779195
v 0.830264 0.184847 1.012298
v -0.754876 0.919871 -0.878943
v 0.754876 -0.320862 0.878943
v -0.830264 0.414161 -1.012298
v 0.997329 -0.054645 0.779195
v -0.587811 0.680378 -1.112046
vn 0.6156 -0.2855 0.7345
vn 0.6489 0.7125 -0.2670
vn 0.4471 -0.6410 -0.6239
vn -0.6156 0.2855 -0.7345
vn -0.4471 0.6410 0.6239
vn -0.6489 -0.7125 0.2670
s off
f 5//1 3//1 1//1
f 3//2 8//2 4//2
f 7//3 6//3 8//3
f 2//4 8//4 6//4
f 1//5 4//5 2//5
f 5//6 2//6 6//6
f 5//1 7//1 3//1
f 3//2 7//2 8//2
f 7//3 5//3 6//3
f 2//4 4//4 8//4
f 1//5 3//5 4//5
f 5//6 1//6 2//6
o Cube.001
v 0.925792 0.080614 -0.929324
v -0.526823 -0.344639 1.153652
v 0.814578 0.437284 -0.934065
v -0.638037 0.012031 1.148911
v 0.638037 -0.012031 -1.148911
v -0.814578 -0.437284 0.934065
v 0.526823 0.344639 -1.153652
v -0.925792 -0.080614 0.929324
vn 0.5642 0.1652 -0.8090
vn -0.2977 0.9546 -0.0127
vn -0.7701 -0.2480 -0.5877
vn -0.5642 -0.1652 0.8090
vn 0.7701 0.2480 0.5877
vn 0.2977 -0.9546 0.0127
s off
f 13//7 11//7 9//7
f 11//8 16//8 12//8
f 15//9 14//9 16//9
f 10//10 16//10 14//10
f 9//11 12//11 10//11
f 13//12 10//12 14//12
f 13//7 15//7 11//7
f 11//8 15//8 16//8
f 15//9 13//9 14//9
f 10//10 12//10 16//10
f 9//11 11//11 12//11
f 13//12 9//12 10//12
o Cube.002
v 1.235779 0.745406 0.084650
v -1.186934 0.134671 -0.537590
v 1.297422 0.392558 0.190966
v -1.125291 -0.218177 -0.431274
v 1.125291 0.830544 0.431274
v -1.297422 0.219809 -0.190966
v 1.186934 0.477696 0.537590
v -1.235779 -0.133039 -0.084650
vn 0.9409 0.2372 0.2417
vn 0.1650 -0.9444 0.2845
vn -0.2957 0.2279 0.9277
vn -0.9409 -0.2372 -0.2417
vn 0.2957 -0.2279 -0.9277
vn -0.1650 0.9444 -0.2845
s off
f 21//13 19//13 17//13
f 19//14 24//14 20//14
f 23//15 22//15 24//15
f 18//16 24//16 22//16
f 17//17 20//17 18//17
f 21//18 18//18 22//18
f 21//13 23//13 19//13
f 19//14 23//14 24//14
f 23//15 21//15 22//15
f 18//16 20//16 24//16
f 17//17 19//17 20//17
f 21//18 17//18 18//18
o Cube.003
v -0.547100 0.871374 1.122412
v 0.151437 0.352665 -1.300954
v -0.189496 0.931138 1.212700
v 0.509041 0.412428 -1.210667
v -0.509041 0.510310 1.210667
v 0.189496 -0.008399 -1.212700
v -0.151437 0.570074 1.300954
v 0.547100 0.051364 -1.122412
vn -0.2713 0.2015 0.9412
vn 0.9571 0.1600 0.2416
vn 0.1019 -0.9663 0.2362
vn 0.2713 -0.2015 -0.9412
vn -0.1019 0.9663 -0.2362
vn -0.9571 -0.1600 -0.2416
s off
f 29//19 27//19 25//19
f 27//20 32//20 28//20
f 31//21 30//21 32//21
f 26//22 32//22 30//22
f 25//23 28//23 26//23
f 29//24 26//24 30//24
f 29//19 31//19 27//19
f 27//20 31//20 32//20
f 31//21 29//21 30//21
f 26//22 28//22 32//22
f 25//23 27//23 28//23
f 29//24 25//24 26//24
